0 0.2 1 1 10 20 20 84
1 0.16 1 1 9 11 20 64
2 0.16 0 1 8 12 20 67
3 0.26 0 0 15 20 20 116
4 0.24 0 0 16 20 20 107
5 0.24 0 0 21 20 20 100
6 0.08 0 1 4 20 20 63
7 0.18 0 2 15 20 20 84
8 0.18 0 1 10 20 20 105
9 0.18 0 1 7 20 20 101
10 0.16 0 1 9 20 20 109
11 0.16 0 1 8 20 20 113
12 0.18 1 1 8 20 20 128
13 0.18 0 1 9 20 20 126
14 0.18 0 1 5 20 20 120
15 0.74 0 0 2 1 20 83
16 0.26 0 0 2 2 20 88
17 0.68 0 0 2 9 20 125
18 0.26 0 0 3 5 20 113
19 0.1 0 0 2 4 20 107
20 0.06 0 0 2 11 20 134
21 0.66 0 0 2 9 20 122
22 0.86 0 0 3 14 20 140
23 0.98 0 0 1 3 20 160
24 0.92 0 0 2 20 20 153
25 0.98 0 0 1 20 20 165
26 0.64 1 0 1 20 20 167
27 0.64 1 0 1 20 20 126
28 0.7 0 0 1 20 20 170
29 0.76 0 0 1 20 20 172
30 0.74 0 0 2 20 20 185
31 0.72 0 0 2 20 20 165
32 0.8 0 0 2 20 20 136
33 0.64 0 0 2 20 20 137
34 0.68 1 0 1 20 20 126
35 0.98 0 0 1 12 20 173
36 0.98 0 0 1 20 20 219
37 0.98 0 0 3 20 20 249
38 0.96 0 0 4 20 20 250
39 0.42 0 0 9 20 20 118
40 0.3 0 0 16 20 20 75
41 0.32 1 0 7 20 20 90
42 0.32 0 0 26 20 20 97
43 0.3 0 0 25 20 20 113
44 0.26 0 0 17 20 20 123
45 0.44 0 0 9 20 20 120
46 0.98 0 0 1 1 20 80
47 0.98 0 0 1 1 20 106
48 0.1 0 0 3 20 20 77
49 0.14 0 0 16 20 20 216
50 0.62 0 0 5 11 20 85
51 0.86 0 0 6 20 20 187
52 0.88 0 0 3 20 20 175
53 0.9 0 0 10 20 20 223
54 0.9 0 0 15 20 20 291
55 0.9 0 0 15 20 20 252
56 0.86 0 0 1 20 20 146
57 0.88 0 0 38 20 20 276
58 0.82 0 0 58 20 20 302
59 0.88 0 0 1 20 20 96
60 0.9 0 0 1 20 20 142
61 0.94 0 0 1 1 20 127
62 0.92 0 0 1 1 20 112
63 0.92 0 0 9 20 20 217
64 0.66 1 0 4 20 20 131
65 0.98 0 0 19 20 20 256
66 0.76 0 0 46 20 20 303
67 0.8 0 0 36 20 20 287
68 0.84 0 0 28 20 20 239
69 0.84 0 0 32 20 20 250
70 0.82 0 0 36 20 20 194
71 0.86 0 0 22 20 20 257
72 0.82 0 0 30 20 20 258
73 0.86 0 1 18 20 20 237
74 0.78 0 0 45 20 20 285
75 0.82 1 0 33 20 20 276
76 0.84 0 0 33 20 20 255
77 0.84 0 0 21 20 20 214
78 0.66 0 0 31 20 20 264
79 0.66 0 0 1 11 20 70
80 0.2 0 0
81 0.58 0 0 1 20 20 79
82 0.58 0 0 1 20 20 77
83 0.56 0 0 1 20 20 69
84 0.54 0 0 1 20 20 79
85 0.44 0 0 1 2 20 45
86 0.44 0 0 1 1 20 38
87 0.94 0 0 5 20 20 135
88 0.94 0 0 4 20 20 133
89 0.96 0 0 5 20 20 125
90 0.96 0 0 5 20 20 118
91 0.96 0 0 4 20 20 106
92 0.54 0 0 6 20 20 97
93 0.26 0 0 2 14 20 53
94 0.58 1 0 2 20 20 67
95 0.22 0 0 1 13 20 64
96 0.32 0 0 1 16 20 48
97 0.24 0 0 3 12 20 50
98 0.1 0 0
99 0.42 0 0 3 18 20 58
100 0.48 1 0 4 15 20 75
101 0.4 0 0 7 20 20 60
102 0.32 0 0 16 20 20 62
103 0.38 1 0 9 20 20 64
104 0.4 1 0 6 20 20 72
105 0.5 0 0 7 20 20 84
106 0.5 0 0 1 2 20 38
107 0.32 0 0 6 5 20 44
108 0.48 1 0 6 18 20 81
109 0.5 0 0 8 20 20 85
110 0.5 1 0 7 20 20 75
111 0.48 0 0 7 12 20 70
112 0.98 0 0 3 20 20 132
113 0.98 0 0 2 20 20 123
114 0.88 0 0 3 20 20 90
115 0.84 0 0 2 20 20 121
116 0.7 0 0 2 20 20 115
117 0.72 0 0 2 20 20 143
118 0.06 1 0 1 20 20 35
119 0.12 0 0 4 4 20 45
120 0.42 0 0 16 20 20 66
121 0.42 0 0 13 20 20 65
122 0.42 1 0 12 20 20 63
123 0.32 0 0 12 20 20 63
124 0.88 0 0 3 20 20 197
125 0.42 0 0 22 20 20 106
126 0.76 0 0 13 20 20 43
127 0.76 0 0 14 20 20 45
128 0.78 0 0 8 20 20 48
129 0.56 0 0 1 20 20 79
130 0.26 0 0 7 7 20 32
131 0.26 0 0 7 6 20 32
132 0.28 0 0 8 8 20 35
133 0.28 0 0 13 11 20 38
134 0.26 0 0 11 17 20 40
135 0.26 0 0 11 15 20 44
136 0.26 0 0 13 20 20 45
137 0.52 0 1 2 3 20 33
138 0.8 0 0 7 20 20 59
139 0.14 0 0 3 20 20 25
140 0.6 0 0 2 20 20 135
141 0.6 0 0 4 20 20 107
142 0.58 0 0 3 20 20 132
143 0.44 0 0 7 20 20 75
144 0.44 1 0 4 20 20 80
145 0.46 0 0 7 20 20 77
146 0.46 2 0 6 20 20 91
147 0.3 0 0 18 20 20 61
148 0.3 0 1 15 20 20 57
149 0.3 0 0 15 20 20 54
150 0.26 0 0 14 20 20 58
151 0.38 1 0 4 2 20 37
152 0.86 0 0 3 20 20 143
153 0.4 0 0 4 20 20 63
154 0.26 0 1 10 20 20 76
155 0.22 0 1 9 20 20 58
156 0.28 0 1 7 20 20 66
157 0.18 0 1 2 20 20 52
158 0.12 0 0 4 20 20 32
159 0.24 0 1 13 2 20 34
160 0.16 0 0 6 1 20 33
161 0.18 0 0 4 1 20 42
162 0.14 0 0 5 3 20 37
163 0.22 0 1 6 1 20 34
164 0.12 0 0 2 1 20 28
165 0.14 0 1 3 1 20 33
166 0.46 0 0 9 7 20 51
167 0.18 0 0 9 4 20 29
168 0.48 0 0 7 2 20 41
169 0.64 0 0 4 9 20 71
170 0.98 0 0 1 20 20 149
171 0.98 0 0 4 20 20 122
172 0.68 0 0 1 20 20 82
173 0.44 0 0 3 20 20 55
174 0.04 0 0
175 0.12 0 0 2 20 20 29
176 0.02 0 0
177 0.26 0 0 1 20 20 25
178 0.34 0 0 1 3 20 35
179 0.58 0 0 1 15 20 61
180 0.66 0 0 1 6 20 72
181 0.98 0 0 1 1 20 88
182 0.8 0 0 1 3 20 113
183 0.04 0 0
184 0.04 0 0
185 0.1 0 0
186 0.14 0 0 2 4 20 37
187 0.1 0 0
188 0.06 0 0
189 0.02 0 0 2 2 20 43
190 0.42 0 0 1 2 20 71
191 0.12 0 0 3 20 20 56
192 0.98 0 0 1 1 20 83
193 0.74 0 0 1 2 20 119
194 0.64 0 0 1 16 20 114
195 0.84 0 0 1 6 20 132
196 0.02 0 0 2 3 20 61
197 0.02 0 0 1 3 20 49
198 0 0 0 2 1 20 47
199 0 0 0 2 3 20 51
200 0.06 0 0 1 3 20 39
201 0.1 0 0 1 1 20 41
202 0.02 0 0 1 1 20 42
203 0.16 0 0 2 17 20 67
204 0.3 0 0 1 16 20 60
205 0.36 0 0 2 2 20 67
206 0.04 0 0
207 0.56 0 0 1 1 20 36
208 0.22 0 0 3 4 20 48
209 0.06 0 0
210 0.02 0 0 1 4 20 49
211 0.06 0 0
212 0.06 0 0 1 4 20 33
213 0.06 0 0 1 4 20 35
214 0.06 0 0 1 1 20 36
215 0.12 0 0 1 5 20 55
216 0.06 0 0
217 0.06 0 0
218 0.06 0 0
219 0.06 0 0 1 5 20 45
220 0.08 0 0 1 9 20 49
221 0.06 0 0
222 0.06 0 0
223 0.06 0 0 1 4 20 45
224 0.24 0 0 5 6 20 39
225 0.24 0 0 4 1 20 41
226 0.22 0 0 3 5 20 41
227 0.18 0 0 1 5 20 26
228 0.7 0 0 1 17 20 122
229 0.68 0 0 1 20 20 133
230 0.06 0 0 3 20 20 76
231 0.2 0 0 2 4 20 59
232 0.4 0 0 2 19 20 64
233 0.08 0 0 1 13 20 47
234 0.12 0 0 2 20 20 56
235 0 0 0 1 20 20 19
236 0 0 0 2 1 20 27
237 0.04 0 0 2 3 20 43
238 0.02 0 0 2 3 20 40
239 0.04 0 0 3 20 20 75
240 0.18 0 0 1 13 20 52
241 0.36 0 0 1 20 20 82
242 0.68 0 0 1 20 20 119
243 0.6 0 0 2 19 20 127
244 0.68 0 0 2 6 20 72
245 0.82 0 0 1 2 20 99
246 0.66 0 0 1 6 20 95
247 0.08 0 0
248 0 0 0
249 0 0 0 1 6 20 43
250 0.04 0 0 1 20 20 60
251 0.06 0 0 1 20 20 74
252 0.68 0 0 1 14 20 104
253 0 0 0
254 0.08 0 0 3 3 20 32
255 0.04 0 0
256 0.12 0 0
257 0.16 0 0 1 3 20 30
258 0.1 0 0 2 7 20 44
259 0.1 0 0 1 11 20 42
260 0.18 0 0 1 7 20 62
261 0.32 0 0 1 2 20 50
262 0.4 0 0 2 20 20 98
263 0.04 0 0 1 20 20 52
264 0 0 0 1 20 20 45
265 0.56 0 0 1 1 20 82
266 0.34 1 0 2 3 20 66
267 0.24 0 0 9 20 20 96
268 0.38 0 0 5 20 20 140
269 0.14 0 0 1 20 20 123
270 0.04 0 0 1 1 20 30
271 0.18 0 0 3 20 20 89
272 0.24 0 0 4 3 20 44
273 0.3 0 0 1 19 20 62
274 0.04 0 0
275 0 0 0
276 0 0 0
277 0.02 0 0
278 0.02 0 0
279 0 0 0
280 0 0 0
281 0.4 0 0 21 20 20 78
282 0.36 0 0 1 3 20 49
283 0.22 0 1 3 15 20 70
284 0.22 0 0 3 15 20 23
285 0.06 0 0 2 15 20 27
286 0.16 0 0 7 13 20 42
287 0.04 0 0 2 1 20 35
288 0.06 0 0
289 0.04 0 0
290 0.02 0 0
291 0.1 0 0 3 2 20 35
292 0.32 0 0 5 1 20 35
293 0.02 0 0 2 1 20 37
294 0.02 0 0
295 0.04 0 0
296 0.04 0 0 1 1 20 28
297 0.08 0 0
298 0.34 0 0 18 20 20 75
299 0.06 0 1 4 6 20 41
300 0.68 0 0 5 20 20 105
301 0 0 0
302 0 0 0 1 20 20 23
303 0 0 0 1 20 20 32
304 0 0 0 1 20 20 32
305 0 0 0 1 3 20 27
306 0 0 0 2 3 20 32
307 0.46 0 0 12 20 20 95
308 0.28 0 0 28 20 20 85
309 0.3 0 0 15 1 20 31
310 0.28 0 0 2 5 20 61
311 0.34 0 0 4 5 20 60
312 0.2 0 0 3 20 20 51
313 0.5 0 0 4 20 20 81
314 0.48 0 0 3 15 20 41
315 0.06 0 0 3 1 20 36
316 0.16 0 0 2 20 20 48
317 0.16 0 0 1 1 20 35
318 0.64 0 0 1 20 20 106
319 0.14 0 0 6 20 20 63
320 0.14 0 0 4 4 20 47
321 0.12 0 0 1 4 20 33
322 0.16 0 0 2 19 20 73
323 0.06 0 0 4 10 20 53
324 0.26 0 0 1 4 20 48
325 0.1 0 0 5 3 20 43
326 0.02 0 0 1 6 20 44
327 0.88 0 0 1 1 20 114
328 0.04 0 0
329 0.08 0 0 1 1 20 42
330 0.1 0 1 2 1 20 38
331 0.14 0 0
332 0.16 0 1 3 2 20 31
333 0.26 0 0 1 1 20 32
334 0 0 0
335 0 0 0
336 0 0 0
337 0 0 0
338 0.04 0 0
339 0.32 0 0 7 20 20 62
340 0.04 0 0 1 20 20 31
341 0 0 0 3 4 20 45
342 0.04 0 0 3 1 20 30
343 0.02 0 0 1 1 20 33
344 0.18 0 0 2 1 20 57
345 0.12 0 0 3 1 20 27
346 0 0 0 1 2 20 38
347 0 0 0
348 0 0 0
349 0 0 0
350 0.02 0 0
351 0.02 0 0
352 0 0 0
353 0 0 0
354 0 0 0
355 0.14 0 0 3 9 20 50
356 0.24 0 1 2 14 20 61
357 0.26 0 0 6 13 20 61
358 0 0 0
359 0.06 0 0 1 2 20 35
360 0.04 0 0 3 1 20 24
361 0.06 0 0 1 10 20 33
362 0.18 0 0 2 2 20 37
363 0.02 0 0
364 0.06 0 0 1 8 20 40
365 0.42 0 0 2 6 20 40
366 0.14 0 0 5 11 20 42
367 0.1 0 0 3 5 20 41
368 0 0 0
369 0.14 0 0 5 20 20 61
370 0 0 0 1 3 20 26
371 0 0 0
372 0.06 0 0 1 12 20 39
373 0.02 0 0 2 7 20 26
374 0.1 0 0 6 10 20 39
375 0.02 0 0 1 4 20 26
376 0.04 0 0 1 3 20 31
377 0 0 0
378 0.02 1 0 1 3 20 24
379 0.12 0 0
380 0.06 0 0 1 20 20 54
381 0 0 0
382 0 0 0
383 0.1 0 0
384 0.12 0 0
385 0.32 0 0 4 20 20 79
386 0.24 0 0 2 20 20 74
387 0.14 0 0 3 20 20 48
388 0.1 0 0 2 20 20 66
389 0.52 0 0 1 20 20 106
390 0.14 0 0 2 20 20 73
391 0.14 0 0 4 20 20 48
392 0.1 0 0 3 20 20 51
393 0.44 0 0 1 20 20 84
394 0.1 0 0 1 20 20 47
395 0 0 0
396 0.02 0 0 2 20 20 55
397 0.12 0 0 6 20 20 51
398 0.1 0 0 1 20 20 44
399 0.18 0 0 3 20 20 48
400 0.18 0 0 5 20 20 53
401 0.12 0 0 3 20 20 50
402 0.1 0 0 4 20 20 46
403 0.16 0 0 3 14 20 47
404 0.14 0 0 1 6 20 25
405 0.26 0 0 4 20 20 53
406 0 0 0
407 0 0 0
408 0 0 0
409 0 0 0
410 0 0 0 1 11 20 35
411 0 0 0
412 0 0 0
413 0 0 0
414 0.04 0 0
415 0 0 0
416 0.06 0 0
417 0 0 0
418 0 0 0 3 20 20 59
419 0.1 0 0 1 20 20 60
420 0.02 0 0 3 20 20 61
421 0 0 0 2 1 20 28
422 0.06 0 0 1 20 20 60
423 0.44 0 0 1 4 20 65
424 0.3 0 0 7 9 20 55
425 0.2 0 0 5 7 20 53
426 0.08 0 0 3 3 20 52
427 0 1 0 2 3 20 33
428 0 0 0 2 2 20 35
429 0 0 0 1 2 20 38
430 0 0 0
431 0 0 0
432 0 0 0
433 0 0 0
434 0 0 0
435 0.14 0 0 3 14 20 48
436 0.2 0 0 2 4 20 40
437 0.26 0 0 2 20 20 92
438 0.08 0 0 4 20 20 51
439 0.08 0 0 1 2 20 37
440 0.06 0 0 1 2 20 33
441 0.02 0 0
442 0 0 0
443 0 0 0
444 0.1 0 0
445 0.14 0 0
446 0.2 0 0 1 5 20 53
447 0.16 0 0
448 0.84 0 0 1 1 20 113
449 0.56 0 0 1 13 20 114
450 0.54 0 0 1 18 20 82
451 0.52 0 0 1 3 20 79
452 0.62 0 0 1 7 20 83
453 0.54 0 0 1 3 20 92
454 0.34 0 0 1 3 20 65
455 0.58 0 0 3 3 20 64
456 0.76 0 0 1 1 20 97
457 0.52 0 0 1 1 20 71
458 0.26 0 0 4 7 20 44
459 0.24 0 0 10 13 20 52
460 0.08 0 0
461 0.04 0 0
462 0 0 0
463 0.04 0 0
464 0.06 0 0
465 0 0 0 1 3 20 37
466 0.04 0 0 2 1 20 58
467 0.1 0 0 4 17 20 58
468 0.02 0 0
469 0.08 0 0 2 5 20 52
470 0.78 0 0 6 19 20 96
471 0.16 0 0 2 20 20 46
472 0.02 0 0 2 9 20 49
473 0.36 0 0 1 13 20 70
474 0.08 0 0 1 13 20 43
475 0.04 0 0 1 2 20 30
476 0 0 0
477 0.02 0 0
478 0.02 0 0
479 0 0 0
480 0.04 0 0
481 0 0 0
482 0.2 0 0 2 1 20 31
483 0.02 0 0 3 3 20 40
484 0 0 0 1 10 20 20
485 0.4 0 0 2 20 20 104
486 0.06 0 0 3 17 20 50
487 0 0 0 3 5 20 48
488 0.06 0 0 3 10 20 49
489 0.04 0 0 3 4 20 44
490 0 0 0 1 1 20 36
491 0 0 0 1 1 20 34
492 0 0 0
493 0 0 0 1 1 20 32
494 0 0 0
495 0 0 0
496 0 0 0 1 3 20 27
497 0 0 0 2 1 20 24
498 0 0 0 2 1 20 27
499 0.16 0 0 12 20 20 60
500 0 0 0 4 20 20 36
501 0.02 0 0 3 20 20 83
502 0 0 0 1 2 20 34
503 0 0 0
504 0 0 0
505 0 0 0
506 0 0 0
507 0 0 0
508 0 0 0
509 0 0 0
510 0 0 0
511 0 0 0
512 0 0 0
513 0 0 0
514 0 0 0
515 0 0 0
516 0.5 0 0 1 3 20 59
517 0.04 0 0
518 0.06 0 0 1 6 20 51
519 0.16 0 0
520 0.02 0 0 1 6 20 53
521 0.02 0 0 2 16 20 72
522 0 0 0
523 0.02 0 0 2 6 20 44
524 0 0 0 2 2 20 29
525 0 0 0 2 6 20 53
526 0 0 0 1 6 20 31
527 0 0 0 2 2 20 32
528 0 0 0 2 2 20 39
529 0 0 0 2 13 20 61
530 0 0 0 2 12 20 51
531 0.28 0 0 2 10 20 31
532 0 0 0
533 0.04 0 0
534 0.1 0 0
535 0.14 0 0 3 19 20 39
536 0.04 0 0
537 0.06 0 0
538 0 0 0
539 0 1 0 1 1 20 32
540 0 0 0
541 0.04 0 0
542 0.04 0 0
543 0.08 0 0 1 16 20 39
544 0.12 0 0 1 4 20 36
545 0.02 0 0 3 6 20 22
546 0.06 0 0 2 19 20 55
547 0.1 0 0 1 6 20 52
548 0.1 0 0 1 3 20 38
549 0.12 0 0 1 7 20 50
550 0.32 0 0 3 12 20 80
551 0.02 0 0 1 12 20 38
552 0.08 0 0 2 4 20 52
553 0.04 0 0
554 0.02 0 0
555 0.02 0 0 3 4 20 43
556 0.38 0 0 4 20 20 118
557 0.1 0 0 1 20 20 82
558 0.4 0 0 2 20 20 121
559 0 0 0 3 10 20 42
560 0.1 0 0 5 1 20 44
561 0.02 0 0 2 3 20 40
562 0.06 0 0
563 0.18 0 0 1 20 20 47
564 0.22 0 0
565 0.14 0 0 1 3 20 17
566 0.08 0 0 3 14 20 71
567 0.1 0 0 3 4 20 67
568 0.06 0 0 2 15 20 89
569 0.02 1 0 1 20 20 56
570 0.02 0 0
571 0.02 0 0 3 11 20 53
572 0 0 0 1 11 20 27
573 0.02 0 0 1 20 20 38
574 0 0 0
575 0.04 0 0 4 19 20 53
576 0 0 0 1 1 20 33
577 0 0 0
578 0.08 0 0 1 2 20 26
579 0.04 0 0 1 2 20 38
580 0.04 0 0 1 20 20 43
581 0.02 0 0 5 20 20 78
582 0.02 0 0 2 4 20 38
583 0.04 0 0 2 2 20 41
584 0.06 0 0 2 3 20 63
585 0.12 0 0 3 6 20 64
586 0 0 0 1 6 20 29
587 0.06 0 0 5 20 20 73
588 0.02 0 0 4 20 20 50
589 0.02 0 0 3 3 20 40
